1.2 (a)
Ridge
[[  1.26009921], [  8.94763706], [  7.69302601], [  7.74571831], [-18.49644112], [ -8.44308261], [ 10.54362886], [  0.29995697], 
[ 0.30347425],[ -0.60343122],[  0.]]


1.2 (a)
Lasso
[[ 0.00000000e+00], [ 1.06629548e+01], [ 7.77979057e+00], [ 8.39102025e+00], [-1.93555392e+01], [-9.04584875e+00], [ 9.92156069e+00], [ 9.33238839e-04],[-0.00000000e+00], [-8.83524714e-01], [ 0.00000000e+00]]


1.2 (b)
[[  0.92322767],[  9.43128582],[  7.93748047], [  7.97325832], [-18.76787046], [ -8.83672402], [ 10.35585794], [  0.29916879], 
[0.30021564], [ -0.59938443], [  0.]]

1.2 (c)
[[ 0.00000000e+00],[ 1.06629548e+01],[ 7.77979057e+00],[ 8.39102025e+00], [-1.93555392e+01], [-9.04584875e+00],[ 9.92156069e+00],[ 9.33238839e-04], [-0.00000000e+00],[-8.83524714e-01],[ 0.00000000e+00]]